Antibody_ID	FullyValidated	184A1	184B5	600MPE	AU565	BT20	BT474	BT483	BT549	CAMA1	HCC1143	HCC1395	HCC1419	HCC1428	HCC1569	HCC1806	HCC1937	HCC1954	HCC202	HCC2185	HCC3153	HCC38	HCC70	HS578T	LY2	MCF10A	MCF10F	MCF12A	MCF7	MDAMB157	MDAMB231	MDAMB361	MDAMB415	MDAMB453	SKBR3	SUM1315MO2	SUM149PT	SUM159PT	SUM225CWN	T47D	UACC812	ZR7530	ZR75B
EIF4EBP1	Yes	-0.514510779	0.865464622	0.189235242	-2.170980692	-0.174486894	-0.601992586	1.873273287	1.291872833	0.821711632	-1.104066724	-0.201783784	-0.32823881	0.256504002	1.004021758	-0.413644121	-1.168292531	-1.357339229	0.559681049	0.565156512	-0.963066464	0.646197416	-0.700345741	-0.343854219	0.503287613	0.099394782	-0.032467117	-0.788710844	-0.278508562	0.927415855	0.164190921	-0.026912195	-0.609071899	0.946271664	-0.433204649	-0.472672487	-0.615093899	0.331034482	1.018798719	-0.130676677	-0.142189273	-1.218339116	0.528268123
EIF4EBP1-p37	Yes	-0.602367869	0.021477957	-0.69107255	-0.711502515	0.050302121	-0.727637278	1.860427778	0.902825769	1.1846978	-0.5172039	-0.509339152	0.214603222	0.920616969	1.03583085	-0.316257086	-0.459859344	-0.656912831	0.976307227	0.887791018	-0.023757969	0.383408037	-0.264830476	0.030962144	-0.173006738	-0.121777458	-0.616139807	-1.020101542	-0.321489212	0.828581223	0.199319609	-0.037213297	-0.420126093	0.791131775	-0.005829959	-0.24326258	-0.380743731	0.137824758	0.342863538	-0.173992679	-0.004845339	-1.658295135	0.481164108
EIF4EBP1-p65	No	-0.346250522	-0.128968793	-0.561238339	-0.194757597	0.297101775	-1.170716024	1.932949332	0.624225892	1.174825459	-0.113209007	-0.815037645	-0.026595654	0.531992798	0.84286723	0.014279088	-0.002082412	-0.514578559	0.915089796	0.52882553	-0.477001469	0.538946032	-0.100600233	-0.139886124	0.201629764	-0.348073782	-0.507244779	-0.684415073	-0.603763782	0.511041527	-0.077760535	0.274665675	-0.219338237	0.58013145	-0.066571503	0.048066606	-0.321065889	-0.034987215	0.444332732	-0.470382226	-0.066284019	-1.770286362	0.498161767
NCOA3	No	0.025026201	0.268659722	-0.153392526	0.064824465	0.621606945	1.250591297	-0.3907563	-0.360277633	0.960993916	-0.339479071	-0.14643868	-0.047645045	-0.61372958	-0.168940786	1.353278865	0.857756032	1.094066851	0.163812572	1.132044529	-0.991313963	-0.803499515	-0.600104779	-0.452774768	1.072946112	0.589574241	-0.470931692	-0.048416366	1.502209029	0.051824986	-0.263410039	-0.969847418	-0.176047402	0.387834336	0.697016346	-0.770547453	0.944206411	0.016032451	-0.345707745	-0.332917921	-0.438184259	-0.388888647	0.143692739
AKT1,AKT2,AKT3	Yes	0.51409191	-0.04166433	0.648638351	0.675826768	-1.710498618	0.774296766	0.318280968	-1.096268085	-0.08898824	1.690205427	-0.262137468	0.408099158	0.081790588	-0.562006796	-0.789058162	-0.707744586	-1.276037015	0.653326001	-0.297999023	-0.865673134	-0.809794012	-1.26922506	-1.041708501	0.818679685	0.42777797	-0.535847426	-0.296670773	0.717517849	1.907090902	0.308644338	0.99547239	0.470306876	1.434146435	0.442900006	-0.060513951	-0.22559349	-1.572424334	-0.210855428	0.204694646	0.360488367	0.939849739	1.346550157
AKT1-p308,AKT2-p308,AKT3-p308	Yes	-1.007595873	0.030732729	-0.994399146	0.109368935	1.881317874	0.190089631	-0.823498235	1.370874185	-0.748850469	0.058626824	2.884958762	0.30567677	-1.110431501	1.235545773	0.236747998	1.045298536	1.509888374	-0.180630189	0.792431016	3.406504028	-0.603575916	0.872274699	1.203566782	-1.012812089	-1.088615153	-1.267730797	-1.023840156	-1.3860912	-1.213258941	-1.249045577	-1.271442599	0.765141696	-0.805320588	0.347552385	-1.113640621	1.710501079	0.693815658	0.963362511	0.173767162	-1.722329154	-1.390531483	1.221892763
AKT1-p473,AKT2-p473,AKT3-p473	Yes	0.37585775	1.386861304	-2.063607644	-0.809140854	1.972793491	1.559213628	-2.247864938	1.804682374	0.412369853	0.334237332	2.978992765	1.001060703	-3.910464143	1.80843211	-1.510131163	1.215455005	2.251319072	0.737530048	1.652784019	3.063418508	-0.530417558	1.107838647	1.935620185	-1.019073039	-1.697296611	0.481198255	-1.192823601	-1.316525423	-2.058921243	-3.129692859	-0.940367945	1.885195876	-0.901061076	-0.236139154	-3.321603372	2.800088096	0.641431491	1.483736313	0.180168781	-0.925502036	-0.629348635	1.766944293
PRKAA1	No	-0.859534039	0.013433122	0.19989867	-0.602520845	-0.014486532	0.368073757	-0.275522251	-0.383231049	0.080156197	-0.500191857	-0.753955054	-0.126418624	-0.175960453	-0.154024736	0.086217251	0.091926457	-0.218689509	0.557066796	0.805319076	0.478165015	0.119379249	-0.433183392	-0.00926617	-0.275635026	0.251803545	0.370509505	-0.079296327	-0.440228701	0.30031896	-0.036153641	-0.187302572	0.567037924	-0.325705099	0.159896138	-0.936961634	0.263685959	-0.734034666	-0.007978693	0.652856425	-0.143340173	1.045745169	0.051783416
PRKAA1-p	Yes	-0.448718138	0.014485969	-0.567514943	-0.741850096	-1.019570166	0.861602148	-0.665981188	-0.59257299	-0.387424693	0.64094457	0.03199673	-0.499008064	-0.216849683	0.048930991	-0.301135736	-0.269305622	-0.562244049	1.404103735	0.157945842	1.183920756	0.345462095	-0.766053439	-0.286146739	0.442027106	0.36500694	-1.021348725	0.127139113	0.850932295	1.360860164	-0.373954506	0.669425806	-0.116478023	-0.61251478	-0.565723802	-0.474376034	-0.698018947	-0.289817281	-0.62808221	0.666376152	0.685739758	0.300035589	0.175387901
CTNNB1	Yes	1.321012072	0.952219302	1.222185438	-3.916896522	1.18725522	0.564034995	-0.527565748	0.712315263	-1.77807825	0.92045472	0.329068493	0.126468645	-0.437721534	0.357027046	1.346860216	0.776962367	1.026874751	0.538492678	-3.726514556	0.837080619	1.511438803	0.882364444	0.124186284	0.443345068	0.558654859	0.712464521	-0.502736359	-0.27104283	0.017251523	-1.126258742	0.846983307	-0.106025424	-3.907303364	-3.779455617	0.273269029	1.461693082	0.251566436	2.235154096	0.430123086	-0.377789052	-2.751091823	0.788599673
BAD	No	-0.357708659	1.03756611	1.02221059	0.096773698	-0.871333194	2.178376884	0.388126219	-0.218001963	-0.469268091	-0.414707659	0.132884668	1.38320232	0.6373958	-0.941484811	0.403777818	-0.388294262	-0.695012029	0.801710624	0.560743819	0.079049137	-0.386567162	-0.844251873	-0.174289119	0.019114199	0.203272839	-0.833152319	-0.974323111	-0.011302377	0.139285043	0.103292256	0.476939791	0.399176733	0.296257546	0.849204188	-0.85852241	0.058434099	-0.48198788	0.232615407	0.690532529	-0.048956256	0.47296344	-0.043776255
BCL2	Yes	-1.120051938	-0.505631562	-0.21705577	0.056136906	-0.187086643	1.26682423	-1.647100077	0.98870345	-0.088999967	-0.230466298	-0.344022572	-1.035724465	2.108943752	-0.120992344	-0.833952565	-0.135352184	-0.606039093	-0.252145881	0.015047467	0.536096161	0.448107723	-0.330426412	-0.534900269	-0.451015325	0.638857191	-0.19254276	-0.486946499	1.516290919	-0.319554896	-0.327497635	0.193136691	-0.261167964	-0.118218994	1.021309438	-0.358106512	-0.708927709	-0.084257288	-0.629019788	-0.281966697	-1.089666661	0.592588204	1.914861154
BRCA1	No	-0.113756349	0.174860199	0.956380227	-0.225973714	0.222133102	0.114120573	-0.633515803	-0.238264091	0.243805873	0.011087323	-1.095667172	-1.203860841	0.39420893	1.188400832	0.92893365	-1.080533735	-0.04434854	-0.453547234	1.122216198	-0.396622926	-0.285954388	0.880803265	-1.350868651	0.34529418	0.072274638	0.209656619	-0.266320516	-0.203739057	-1.064801051	0.600094304	0.320909708	0.067586364	-0.688840345	-0.073830018	-1.003055492	-1.339021854	1.089937514	-0.296069225	0.328704775	-0.219386164	-1.305242888	0.445659181
CAV1	Yes	8.211049616	5.547654268	-4.182662156	-3.491093118	1.4496853	-4.907177334	-3.485499233	3.753521065	-4.378762071	4.617249674	4.871261897	-3.411958592	-3.846943623	-4.259431863	5.395023058	3.978205938	0.275584265	-4.059872737	-2.261718253	0.180038469	4.758437881	0.175519682	4.809243105	-1.782471504	4.994474791	4.969953761	4.502805321	-4.687901028	3.014030926	5.287594082	-4.056217215	-3.44044601	-4.113225711	-3.13960441	4.946362677	5.057353986	4.889314208	-3.507598744	-4.348366792	-4.64320696	-3.976162193	-4.449998528
CCNB1	Yes	-0.664628654	0.695305916	0.305393579	-1.098795672	1.171072892	-1.02283763	-0.989826026	0.875926678	-0.257938733	-0.489422251	-1.439742679	-1.467660251	-1.838127477	1.948066128	0.907706041	0.208176092	1.25635809	-1.368922342	-0.079007131	-0.565078191	-0.686030767	0.149182411	-0.611308217	0.661641281	1.230508546	1.634901914	1.604613797	-0.023972777	-1.988875817	1.390863244	-1.343314628	-1.26712148	-0.025768346	-0.489696731	-0.040080425	0.184106932	2.425507925	-1.090894754	-0.822009006	-0.280047977	-2.015935998	0.403321226
CCND1	Yes	0.02312927	-1.098524036	1.150631985	-0.540840533	-0.817082039	0.50037696	1.209290092	-1.185323497	0.494545914	2.491958193	0.672309325	1.256753726	-0.289716301	-2.794881921	-0.059718392	1.312735357	2.266303284	-1.848758917	0.569941358	-1.175435013	-0.919559901	-0.595546423	-0.178633865	1.153596195	-1.151090222	0.059318965	0.168552514	1.444458857	-0.784476714	0.839611005	0.734444553	2.485293153	1.733992662	0.116028389	-1.82670931	-1.761724275	-0.363891828	-0.365034492	-0.748368113	-0.008590386	1.421676707	2.478749796
CCNE2	No	-0.319100096	0.134979014	0.333293599	-0.540836362	0.02126784	0.338280083	-0.08577462	-0.126489978	0.014659359	0.065428193	-0.021319573	0.243241127	-0.285901412	-0.195437658	0.037956733	-0.161021953	0.435783505	-0.198286153	-0.279859193	-0.614242276	-0.085584549	0.395920489	-0.32128404	0.894814203	-0.28701949	0.537745774	0.297917433	0.641462485	-0.205590605	-0.164729786	0.502595724	0.632606135	0.419974708	-0.19639029	-0.272212991	0.292358152	-0.405922016	-0.031468027	0.00540085	-0.185787408	0.407834083	0.09192464
PECAM1	Yes	-0.360976179	-0.0516243	0.183688781	0.435408021	-0.605499037	0.612892636	0.064684937	-0.840839495	1.185507487	-0.672223267	-0.724796707	0.526823783	0.366371418	0.216114661	0.10244213	0.984421014	-0.047542128	0.713311992	-0.503826684	0.169906779	-0.231117346	-0.751838636	0.087285673	0.176935133	-1.288072471	-0.59342504	0.277692433	-0.167855453	0.189338328	-0.027569261	-0.237235036	0.497139652	0.449243039	1.328559444	-0.374385152	-0.174292276	-0.55400585	1.006186783	0.022259938	-0.876404981	0.413539748	-1.162644315
CDK2	No	-0.654162241	0.040368229	0.073043538	-0.044922498	-0.097959342	0.165946615	0.245335733	-0.62127145	0.572472527	-0.041990517	-0.443582585	0.244626632	0.141823619	-0.214003339	0.237098562	0.432143828	-0.365413869	0.276007704	0.918574122	0.510123418	-0.078370235	0.010789156	-0.184372125	0.583984815	-0.196013843	-0.083691685	-0.446905005	-0.152794268	0.222737305	0.18870019	0.112342481	0.113816431	0.229346118	0.128327128	-0.747560306	0.297947106	-0.556170735	-0.184729243	0.274425408	-0.079520373	-0.344553965	0.129635777
CDK4	No	-1.079046019	-0.278436313	-0.070338106	-0.611738306	-0.225457755	0.314508774	-0.436549237	1.264956427	0.198168996	-0.249120899	0.116511719	-0.269670963	0.440897995	1.097531993	0.558655399	0.200736109	0.546022288	-0.135134764	-0.047602832	0.448580702	-0.245606244	0.221825731	-1.098396767	0.77265695	-1.11615221	-0.373605697	-0.460436289	0.988163994	-1.112878759	0.399637893	0.463178999	0.447639191	0.985006862	0.342078068	-1.324971618	0.495861408	0.41386948	-1.4548668	0.390318018	0.453409966	-0.41243965	0.290076794
JUN	Yes	0.782828472	1.865643906	0.45947823	-0.665183282	0.220187715	-2.136734879	-0.847732811	2.758834894	-1.366412483	1.651243624	1.710340963	-2.322562775	-1.877651922	-1.280174833	0.092942337	1.046246239	0.471945348	-1.452416597	-0.490547959	1.377674495	-2.112941689	-0.113311369	3.947877138	-1.465714112	0.307251893	-1.448014219	1.323002276	-2.107832517	1.816597026	2.536858031	-2.389858594	-1.16171341	-2.141593765	-0.45486672	2.163736735	-0.170219651	1.871038556	-0.421325493	0.617895919	-0.907463416	-1.931872068	-2.292729177
JUN-p73	No	-0.221577718	0.303115192	0.182337725	-0.389022904	-0.273428003	-0.769724975	-0.088017813	0.482021463	0.20643808	0.464752674	0.508024804	0.066972139	-1.989979737	0.113207691	-0.251490357	1.091364028	0.171948331	-0.157926279	0.003769662	0.687503083	-1.120154545	-0.269062042	1.600941419	-0.596011607	-0.542508057	-0.859322278	0.652239133	-0.979933695	1.326283238	1.601104045	-0.627201475	-0.884300343	-0.700701425	0.648208024	0.056884779	0.327139296	0.666776403	-0.012890044	0.003684392	-0.298247993	-0.511026363	-0.6763214
KIT	No	-0.974303856	-0.227808187	0.034524958	-0.383655108	0.1083097	-0.287286386	-0.125369434	-0.67157823	-0.263506425	1.732476728	-0.415877284	-1.084890888	-1.239194182	-0.323569539	0.097801985	0.108751021	-0.747042719	-0.528339517	0.070478028	0.534278598	-0.585040465	0.559298424	-1.0296169	-0.97311191	0.532638412	0.263073842	0.475601742	-0.553121907	3.841959265	-0.68141019	-0.437760045	0.590178358	-0.769388257	0.428339017	-0.453883548	-0.340157797	-0.457300379	-0.174685205	-0.371819942	-0.601444349	-0.380883778	-0.344256359
CASP7	Yes	-0.515511249	-0.198817005	-0.143525018	0.630909364	0.031591623	0.021653713	-0.018369395	0.104364517	0.46796681	-0.430040606	-0.461653996	0.403399946	-0.348746152	-0.341280422	-0.404637769	-0.170483839	0.004407329	0.307113303	0.195072595	0.016527559	-0.254830045	0.560780682	0.242481766	-0.374273905	0.658002749	0.568865967	-0.005929331	-0.293958323	0.031901716	-0.371558003	0.262372482	0.438911557	0.07730915	0.58826388	-0.524133248	-0.178554069	-0.035061607	-0.031746794	-0.069914962	-0.663350571	0.25420085	0.290415239
PARP1	No	0.84128675	0.869186267	-0.198767841	-0.41492516	0.854290423	-0.15948424	-0.486611909	-0.30016568	-0.340512493	0.566300198	0.683433307	-0.465225371	-0.507603566	0.393581089	-0.502165697	0.287316805	0.132366592	-0.85236347	-0.599514202	0.299590962	-0.161709533	0.189218142	-0.372736001	-0.112797759	-0.19292869	0.329617264	-0.459856649	-0.087275341	-0.492839718	0.054747535	0.594146047	0.770835121	-1.047296734	0.361998014	1.577031954	1.136810797	0.012547293	0.07362447	-0.714154611	0.216024869	-0.198651628	-0.207093694
MYC	No	-1.694738467	0.454999862	-0.72110012	0.79821519	-0.298598211	-0.994491944	-1.00861482	-0.116123089	-0.831203244	-0.291631863	1.078790961	-1.678925318	-1.363454684	1.004297779	1.855826077	0.965071431	-0.388487407	-1.209561443	0.340974672	0.571865503	-0.975606407	-0.178896041	-0.130325706	-0.551491729	1.528066175	-0.007373831	1.577876876	-0.395437441	-0.012273918	1.189162552	-1.24713434	-0.859895387	-0.809923019	0.843472748	-0.410582293	1.443372833	1.387973931	-0.910349306	-0.305834005	-1.017638659	-1.203007704	-0.07643852
COL5	No	-2.553924738	-1.938749915	-0.582303203	-2.093534885	0.703789344	-2.115317432	1.251436762	6.825702433	2.468402748	-0.614332871	4.582241257	-1.431908109	-1.711459084	-0.999050531	1.141310229	1.441941372	3.113418135	-1.242535691	2.335142023	0.390550497	3.25686364	-1.128164129	4.564630405	-1.232498606	-1.880478187	-2.084999723	0.703109288	-1.000669034	4.928281459	-1.078760819	-0.803171969	0.488458134	-1.699519939	-0.706594173	0.828643848	0.36525664	4.0231156	-0.604856285	-1.453276064	-1.691397955	-1.439067526	-1.469179235
COL6A1	Yes	0.75516427	0.478436921	-0.080455436	-0.797179185	-0.101565495	-0.155514179	-0.104967886	-0.82568697	-0.253249178	0.014045345	0.929689988	-0.437535081	0.249041964	0.219677771	0.596183095	-0.034830896	-0.146080527	0.207732162	-0.498797632	-0.338920184	0.67999694	0.308412296	1.406452662	0.052445383	-0.534014056	-0.459966682	-0.009218146	-0.24577343	2.464598441	-1.127202664	0.014875542	0.004636436	-0.202510834	0.049122031	-0.07833425	0.668079989	-0.243740773	-0.156358203	-0.088062808	-0.679908162	-0.021197911	-0.292473142
CDH1	Yes	1.680507608	0.620213818	1.923737899	-2.062738614	0.990431125	1.22741811	1.253144392	-3.07642443	0.301518878	0.683947563	-2.960381641	0.834998014	1.846431189	1.179766571	1.140585959	2.153947951	1.708037049	2.169674099	-0.516896342	-0.638031847	-2.872399529	1.530975391	-2.232036637	1.312279921	-0.837554116	0.745556044	0.311440815	0.854742598	-1.441981232	-1.518950328	1.824197223	2.677779234	-1.917973492	-1.793927812	-2.042588729	2.161256847	-3.240180226	2.767746174	1.291598455	0.804391907	-1.786737465	0.683317298
EGFR	Yes	1.107700395	1.064593504	-0.381058062	-0.45073704	2.190881663	1.522635726	-1.282948646	-0.114655257	-0.85645971	0.049423179	-0.182851681	-0.728960318	-1.539739886	-0.758615405	0.597663232	0.010103201	0.838819051	0.216841273	-0.299842506	-0.94443566	-0.207068562	0.709343968	-0.185063476	-0.295697545	0.114683834	0.46417841	0.359371489	-0.93998773	-0.679183468	0.283571637	0.065117135	-0.408666849	-0.490786391	0.12056618	-1.110901082	0.648627416	-0.274421615	0.847989423	-1.018120898	-0.236636265	3.180675238	-1.255270063
EGFR-p1068	Yes	0.427873957	0.418556778	1.565843847	0.469875011	0.6599854	-1.315633053	-0.27934958	-0.556264567	-0.238311842	-0.116118223	-0.148950263	-1.687005872	1.364490585	0.518043028	-0.360743692	0.479865466	-0.245946981	-0.560296847	0.609898309	0.322923014	-0.339561435	-0.596799709	-0.474136824	-0.251708757	1.030453223	0.576502018	1.031640602	-1.035696745	-0.312703104	0.057212708	-0.240382402	-0.024609741	-0.661435723	0.835692316	0.078703614	0.579875465	0.197284196	-0.093874303	-0.062341889	-0.484748251	0.226639171	0.203213121
EGFR-p992	No	-0.117453255	-0.277563536	-0.38099452	2.910674121	0.182241799	0.603589701	-0.720503608	-1.409937904	0.014398977	-0.880695412	-0.74151119	3.144645699	-2.76E-05	-0.042912666	-0.749472623	0.547616354	0.496141449	0.501162293	0.909589299	-1.026118659	-1.451172279	-0.61976204	-0.671173563	-0.6836952	-0.271090602	-0.22098402	-0.161315129	-1.517544271	-0.855474256	-0.104983412	0.727991924	-0.383269704	0.313522513	1.739009141	-1.360956573	0.094593976	-1.795188525	2.356116145	-0.623916356	0.979512446	3.225564256	-0.984356654
ESR1	Yes	-1.847881539	-1.594534009	2.717744068	-1.35633357	-1.051670743	2.811514427	4.546618121	-1.351371761	3.797798576	-1.762410896	-1.794024286	1.545776827	5.003068853	-1.420083314	-0.533772927	-0.651504535	-1.073969283	-0.963328093	-0.485078243	-1.428984246	-1.706042174	-0.881603008	-1.452711359	4.001420887	-1.308217355	-0.958072326	-1.029601158	5.256511352	-1.398310583	-2.062532695	3.592877718	2.691880917	-1.978466163	-0.719037634	-1.428755235	-1.263267605	-2.07077304	-1.25637513	4.500790985	3.012189422	2.110707907	4.6047044
MAPK1	Yes	0.58540749	0.293825162	0.389111606	-0.396694542	-0.064672904	-0.030207427	0.511849164	-0.775128511	0.250075671	0.651176298	-0.513280745	0.086886712	-0.671272597	0.075860612	0.432857378	0.307953427	1.023986385	-0.292523774	0.535968365	0.538136857	0.827556414	0.660726708	-0.257417652	-0.389380585	-0.302918143	0.02451169	-0.616993526	-0.44386927	-0.192735889	0.008182829	0.160466098	0.347720937	0.016333592	0.256044491	-0.196224632	0.007635079	-0.293748095	0.090772777	-0.46836828	-0.1389371	0.452238191	0.337812343
GSK3A,GSKB	Yes	-0.4339858	0.141749331	0.197460038	-0.602812488	0.260238749	0.460761044	0.199118283	-0.386124898	0.478303368	-0.248728374	-0.242821618	0.806214507	0.895194975	0.074320777	-0.040479245	-0.007125248	-0.056239416	0.120176931	1.1126539	0.608462439	-0.05888245	0.107738395	-0.104106246	0.239439759	-0.318880046	-0.419912722	-0.276361574	0.112798171	-0.204172993	-0.277190502	0.108178268	0.129201772	0.397725937	0.154610692	-1.198048619	0.116662439	-0.364576689	0.351493175	-0.251131751	-0.173692374	0.311008064	0.10446187
GSK3A-p21.9,GSK3B-p21.9	Yes	0.788584863	0.645085685	-0.730799028	-0.647557751	1.398362132	0.476392957	-0.038813297	-0.307189863	1.446591038	0.611765719	-0.132736935	0.958364314	0.582231711	0.309972514	0.698716722	1.69464347	0.240994848	0.503450456	0.757893851	0.720365434	-1.336948599	0.139240624	-0.126535047	-0.103795607	-1.032052556	-1.409751502	-0.070524334	-0.71691858	0.469992728	-1.165204902	0.324121059	-0.099506612	-1.252290128	-0.652992901	-0.882198889	0.685212973	-0.515364918	0.203551874	-0.208978563	-0.767805336	-0.681941552	-0.673051986
IGF1R	Yes	0.385983599	1.314507853	1.614952245	-0.529334556	1.093953534	-0.304825675	1.724384697	0.388434762	-1.492127393	-0.149290731	-1.207961148	-0.474586484	0.255327781	1.187874873	-0.140373744	-0.828049033	-0.194047147	-0.941819583	-0.888196736	0.594245891	0.482698558	-0.096216848	-3.294760047	0.590045635	0.933320894	0.661558868	0.266021742	1.188659773	-1.448699847	0.096671036	0.852902893	-0.501346992	-1.105933241	2.824491686	-2.606286563	-0.649438538	-0.699372763	-0.601449917	0.295969086	1.273758825	-1.411841521	0.183422233
MAPK8	Yes	-0.738169717	0.875020063	0.645744299	-0.479064222	0.352395564	0.253467715	-0.84247866	-0.385440288	0.038446056	-0.511046687	0.138099262	0.271669693	0.079263547	0.296585376	-0.119166086	-0.281912037	0.117253708	-0.64472265	0.363579774	0.360809452	0.228854245	0.240883457	-0.701601542	0.345411689	0.233099426	0.400033078	-0.180560094	0.093255045	-1.067884654	0.241808208	0.037234305	-0.509321235	0.215594501	0.247266527	0.494821184	0.00268781	0.16455331	0.41757086	0.306127703	-0.557481747	0.548256992	-0.059078811
MAPK8-p183.185	Yes	-0.690101081	-0.277820874	0.188023834	0.05867814	-0.101937035	-0.324884552	0.599701841	-0.376491007	0.056994915	-0.089402049	0.218763414	-0.264066587	0.020502102	-0.023000242	-0.111654532	0.321196958	0.086095872	0.055659649	0.547200503	0.567475546	-0.215395314	0.173999905	0.150311157	0.439195551	-0.067077899	0.242680568	0.021580246	-0.140389854	0.510078815	-0.046882462	0.098861979	0.1801854	-0.05247004	0.380930373	-0.409528594	0.238540632	-0.322204959	0.151105031	-0.175154962	-0.148109446	-0.065205952	0.012054857
MAPK1,MAPK3	Yes	-0.345586753	-0.533993514	2.426545384	1.188305081	2.463094295	-1.306956932	-0.159047207	-0.678725067	-2.209607033	-1.02892453	0.217082284	1.355585293	-2.01394566	-1.505786416	-0.644462145	0.737843577	0.790959877	-1.003791916	-0.965373406	0.228923348	0.696159276	-0.921462889	0.266711872	-0.911204158	1.316599644	1.409127851	1.33958074	-2.184491922	0.696618931	3.906763255	-2.16443259	-1.395909802	-0.534239162	-0.58100144	-0.249740437	-0.526719508	-0.642885382	-0.265346492	-1.081568679	0.399734494	2.597217517	-3.032929071
MAP2K1	Yes	1.019063316	1.445386793	-0.704952994	-1.169640474	1.739053801	-0.818453996	-0.74146662	-0.890161626	0.240932565	0.678386353	-0.152192917	-0.555077695	-0.866322397	-1.103206445	-0.355148527	0.863592983	0.912127607	-0.401492509	-0.684035934	-1.03034919	-0.586884762	1.410572154	-1.231065574	0.208307556	0.809248466	1.112612779	0.405196788	-0.179313931	-0.895951865	0.318644539	0.488157618	-0.04696223	0.321047761	-0.89101844	0.571595985	-0.292131838	0.276080366	-0.004185388	-0.865456218	-0.165591105	-0.449576705	0.610232718
FRAP1	Yes	0.274907379	0.404225772	0.218705743	0.371604151	0.501927886	-0.7612729	0.021618755	-0.908636433	0.053997271	0.035494924	0.361241937	0.466258387	0.262832171	-0.26580039	0.67505202	0.361672287	0.453048704	0.318003558	0.699959045	-0.515765902	-0.015347906	0.537421655	-0.702573675	0.192656976	-0.532566432	-0.906433709	-0.052069216	-0.302815499	0.911263569	-0.445378612	-0.335057742	0.179398923	-0.364839924	0.129260158	-0.003340477	0.252304733	-0.323974132	0.387054402	-0.040135161	-0.260869999	0.046512466	0.094704218
FRAP1-p	No	-0.212520379	-0.349737314	0.477463057	-0.072731619	0.585081381	-0.53277231	-0.579336428	-0.286457803	0.220158491	0.183427233	0.578936626	0.280073076	0.013644049	0.308276876	0.023812374	0.755088184	0.511975586	0.599368995	1.03721169	0.124064022	-0.407551886	0.238141794	0.149915224	0.102869025	0.088653769	-0.735929341	-0.695706108	-0.484931984	0.442250269	-0.198425206	-0.326916077	0.228929966	-0.271745302	0.219077854	-0.052315571	0.184548409	0.014350652	-0.166860515	0.202867865	-0.556762134	-0.440403617	0.372674087
PIK3CA	Yes	-0.537192394	0.473069748	0.106901245	0.158029751	-0.0654903	-0.28890889	-0.251961372	-0.768145436	0.256766792	-0.292060898	0.304719361	0.079064052	0.40267392	0.050766692	0.33997469	0.033055849	-0.214902499	0.060026347	1.335021165	0.153856168	-0.236165497	0.344425789	-0.025768831	0.408782547	0.432680972	0.110543987	0.1950546	-0.385891343	-0.069371643	-0.085878781	-0.102535713	0.346182665	0.19590518	0.368722183	-0.469475001	0.003435193	-0.284532504	0.331199736	0.339038212	-0.432619219	0.314160754	-0.152606305
CDKN1A	Yes	0.264888949	0.761639931	0.125537727	-0.733042871	0.084533498	-0.076665757	0.031550168	-0.621127387	-0.794751094	-0.293088001	0.162296952	-0.174788944	0.06016062	0.113707323	0.828454433	-0.152397387	0.589875442	-0.963588599	-0.581380004	0.455188143	0.42387143	-0.083267295	-0.603787334	0.262389585	0.253516442	0.433272513	0.460128443	0.538848968	-1.042248608	0.836105513	-0.149434965	0.027701945	0.087924777	-0.731567405	-0.619990596	0.315656697	0.217853661	-0.154219379	0.046202714	-0.33460819	-0.797465062	0.908194007
CDKN1B	No	-0.264480921	-0.30422089	0.116697785	0.328440312	0.159472171	-0.316426709	-0.08949403	-0.148218416	0.362605342	-0.097312228	-0.458229667	0.473951785	0.136214855	0.097100192	-0.047674613	-0.064245159	-0.109431983	0.297135926	0.157544488	-0.311221338	-0.236937675	-0.084481535	-0.099587764	-0.13349004	1.668637437	2.097660842	1.410203744	-0.342364198	-0.388244067	0.212361073	-0.010333607	0.429831668	-0.149232936	0.384083634	-0.522197827	0.317603239	-0.639178899	-0.311341732	-0.462628661	-0.010247576	-0.337425584	-0.101760718
MAPK14	Yes	-0.589198429	0.150624352	0.260890042	-0.588564049	0.262171896	-0.826206665	1.082857209	-1.578917964	-0.116464027	-0.48888733	-0.448937954	0.492780439	1.220992168	-0.086685999	0.3724277	0.08693354	0.403091018	-0.217582008	0.778115566	0.28490645	-0.546659438	0.526589553	-0.947335312	0.264005021	-0.334742122	0.062949122	-0.163208363	-0.224479157	-0.292837586	0.541509916	0.45722487	0.748784274	0.172304084	-0.211614898	-0.043898446	0.584066626	-0.364895683	0.00371764	-0.662240641	0.468795052	0.760546169	-0.709522709
MAPK14-p	Yes	-0.152119551	-0.022087368	0.309756641	-0.522837851	0.227109904	-1.098493661	-0.240970589	0.269713372	-0.245794443	0.493743041	-0.424869055	-0.760354322	-0.528415589	0.475907952	0.645966667	1.208642124	0.443047571	0.157829602	0.631887608	1.065043615	-0.125395921	-0.076611516	0.743678447	-0.462972759	-0.161830943	0.078425728	-0.180545386	-0.69661354	0.243830094	0.525942369	-0.237141482	0.225155577	-0.041073611	0.078927387	-0.423349815	0.291577793	0.132971418	-0.534126499	-0.333476979	-0.340707208	0.154226641	-0.531340483
TP53	Yes	-1.479098635	-0.345703479	-1.991136033	-0.447352128	1.465621177	-0.087941478	-1.021055931	2.343543533	0.907503804	6.02393543	0.948059708	-2.387201163	-3.224497753	-2.060395151	-0.879460449	-1.860379486	0.838662578	-3.124201638	1.486537323	-2.171991271	4.323453391	4.450732511	-0.829684164	-0.768119979	-1.567432899	-1.650648361	-0.409561001	-1.159551474	-3.325875472	4.070213365	-1.725751403	-0.112708166	-1.507607922	1.147380347	0.772965613	4.248004181	-0.891690393	2.593411552	1.746037789	-1.440726201	-1.656969278	-1.842741763
TP53-p	No	-0.582297324	-0.439231783	-0.321452132	-0.484425009	0.93552672	-1.078231686	-0.186281854	0.897912046	0.588660061	3.973321153	-0.26389524	-0.842668214	-0.472690123	-0.258523702	-1.14034477	-0.278999996	-1.262583849	-0.244780566	0.349036614	-0.36773329	2.68476319	2.592150883	-0.614751868	-0.803102908	0.380394375	0.027696248	0.162145055	-0.569049076	-0.017012359	2.479366373	-0.765755717	-0.986105092	-0.562660649	-0.178888489	-1.216719457	0.95369343	-0.989128881	-0.663747253	1.296234701	-1.248631617	-0.073264306	-0.173728668
RPS6KB1	Yes	-0.117963413	-0.095515376	0.748206768	-0.633491896	-1.478349902	2.449209855	0.613400355	-1.859839453	-0.004557339	-1.23482378	-1.581983195	-0.808045294	0.482121013	-0.773977812	0.040034436	-1.340712977	-0.850195686	0.070815364	-0.607719628	-0.339837157	0.093967968	-1.191356001	-1.644829477	4.610182276	-0.260039067	-0.654802932	0.051551191	5.208929855	1.029108518	-1.008268373	1.842977283	-0.801760307	0.775203529	-1.181894545	0.46244607	-0.670238204	-0.471184939	-0.964765922	-0.348784775	0.269857739	0.431513759	1.344042084
RPS6KB1-p389	Yes	0.270374731	-1.819792144	0.155858765	0.614302472	-0.135340173	0.377260937	0.236074379	-0.968455179	0.273144482	-0.372883748	-0.621506968	0.175160429	0.484410542	0.265782015	-0.687837723	0.843033302	0.555207887	1.161985758	0.792347407	0.190444461	-0.377218808	-0.55246789	0.299136302	1.899645672	-0.935787666	-0.552281393	-0.549968294	1.557677983	1.338201849	0.692540719	0.836415366	0.839695177	0.689259583	0.648543733	-0.924431124	-0.324724578	-0.97279553	-1.807784389	-0.732004686	0.359330312	0.516048223	-0.058958707
MYC-p	No	-0.475414046	0.009108489	0.847347024	0.389692001	-0.04860951	-0.261201753	0.445167252	0.024553409	-0.345383319	0.339305221	-0.445629158	-0.329983797	-0.375075438	0.035303682	1.036137419	0.212968003	-0.280144873	-0.168428916	-0.322772915	0.040195516	-0.650423917	-0.187872988	-0.277123939	0.031904517	0.455887654	-0.245578583	0.63328653	-0.388283591	-0.52053951	0.561333253	-0.610149572	-0.832718448	-0.022184571	0.585086536	-0.026965072	0.151366184	0.677654073	-0.178393003	-0.351997509	-0.170076274	-0.818807489	-0.090363444
PCNA	No	0.696154442	0.593069347	-1.243437399	-0.493862408	-0.71239173	0.89640173	-0.703970073	-0.778719584	-0.382403538	-0.621106933	-0.888713647	0.360718046	-0.027056686	1.634958142	-0.413466248	3.315181676	0.840900471	-0.211167083	2.505829864	-0.204935384	-0.168560276	0.17520997	-0.690537561	-1.175828945	-0.450407499	-0.783774572	-0.742242179	-0.247186742	-0.429767271	1.162942677	-1.617526387	0.894466146	1.372226021	0.023338516	-1.269984359	1.945450864	-0.258032531	-1.126171574	0.163668125	-1.171091608	-1.098901802	-0.249159065
PDK1	Yes	-0.274207419	-0.184243144	0.23145516	0.464399013	0.25842994	0.477772215	1.210920041	-0.940336793	0.525507745	-1.134729094	-0.477186942	0.715408778	0.321500247	0.036708765	-0.112891728	-0.52418977	-0.245036194	0.278717532	0.441354874	-0.876439573	-0.053590717	0.553102343	-0.957446943	0.787233015	-0.73389977	-0.418547358	-0.450459111	0.263409725	-0.73654135	-0.196540387	0.666151738	0.032915431	0.243499458	0.462401791	-0.785584829	0.70416548	-0.626064203	0.964427065	0.146609793	0.539769458	0.488765011	0.264422903
PDK1-p241	Yes	-0.243864414	-0.125976878	0.254409075	0.17127251	0.156335105	0.073420797	0.653964537	-1.085894462	1.028147656	-1.164333578	-0.461192147	0.921738543	1.019048068	0.197772893	0.092535138	-0.092378146	0.032793868	0.631229453	0.770056059	-0.512574876	-0.383549316	0.416431904	-1.142764844	0.6830724	-0.634854523	-0.503671945	-0.907035805	0.10196501	-0.170106987	-0.162760227	0.176145167	0.303851947	0.265926539	0.483963744	-0.635489043	0.824205061	-0.88856997	0.461593031	0.185266359	0.431774233	0.406528105	0.453100239
PRKCA-p657	Yes	0.626213734	-1.091328279	-1.655634529	0.768123803	0.049128866	-0.539877071	-3.073248812	1.590888222	-2.712788369	0.5116165	1.596666264	-3.188804388	-2.75937728	-1.623697401	0.985700481	-0.067146822	1.36413061	-3.599679678	0.192405339	0.5362858	3.595136408	-2.73083422	1.549984944	0.404549349	-0.969776131	-0.222710019	-0.176125468	-0.868879459	3.533540612	2.406874006	-0.756732781	1.071236467	-3.235172236	0.727157242	3.507110167	-1.740711152	2.687161032	-0.214634629	-2.266886039	-0.831324377	-0.575976267	-0.896086222
PRKCA	Yes	0.251407269	0.276480893	-2.084040564	0.139840171	0.161200545	-0.253215225	-1.511510152	1.579170075	-2.416841047	0.231775741	1.228232267	-3.055659025	-2.914142149	-1.421101424	0.623591883	-0.09028369	0.740552363	-3.509237098	-0.484873435	1.036597424	3.439230641	-2.762750646	1.686794433	0.385479736	-0.567507692	-0.088538101	0.026091805	-0.326077975	3.748068456	2.27424889	-1.046480204	0.786676968	-3.068477849	0.511333456	3.03687062	-1.964779871	2.420078902	-0.902027059	-0.873806202	-0.948878144	-0.605165763	-0.2282219
PGR	Yes	-1.028257296	-0.769381137	-0.228670421	0.007674752	-0.151210869	3.752392706	3.339636678	-0.261297484	3.124761596	-0.883138017	-1.056901661	-1.683152016	3.81592246	-0.444005789	-0.70935877	-0.713836598	-0.03812634	-0.774133163	-0.569149699	-0.626031584	-2.015266996	-0.428919984	-0.711359979	-0.470001786	-0.992336111	-0.57144032	-0.408251987	-0.197638514	-0.049670067	-1.237276112	3.379652718	0.087319161	-0.586007949	0.028169283	-1.436626369	-0.425788429	-0.842308007	-0.842343564	7.291702679	6.887290018	-0.593435491	-0.311103311
PTEN	Yes	1.460755451	0.611811197	0.898739452	0.732431565	-0.545170453	2.073801745	1.027333875	-4.291156414	0.124669685	1.466370457	-4.175113626	1.152071565	1.825344208	-0.358558938	1.559757964	-4.186065994	0.681099074	1.785757426	0.230863028	-3.663453004	-4.087131514	-3.914516271	0.663015282	1.24845803	0.366845168	0.905332619	1.063912179	1.818312037	0.878619324	0.8472797	1.78458206	-1.569367808	1.398078397	0.262287166	0.417007274	-4.161024182	0.510648635	1.864711416	1.229910328	1.386276782	1.991019952	1.669789314
RAB25	Yes	-0.148533126	-0.677621445	0.943156307	0.375085028	-0.262401613	0.189827266	0.705029805	-1.599403193	0.891973062	0.6143864	-1.186401785	-0.540552786	-0.165969329	-1.066289572	0.603751737	0.660038854	-0.067418518	0.849481855	0.302240498	0.104663901	-0.905243992	1.353143298	-1.357870751	0.749826309	-1.060749147	-0.264843135	0.014259732	0.661028803	-0.85637018	-1.035979237	-0.28587312	0.406833334	-0.056931262	-0.054334272	-1.316025223	-0.047477903	-0.954886848	1.71846267	0.22173281	0.524933778	0.438618869	0.417355396
RB1	Yes	-0.221375067	0.547057714	0.447465453	0.21733006	0.624570621	-0.153091234	-0.424555152	-1.858949791	1.02641629	-0.045544717	0.119676566	-0.13826268	0.832811252	-0.055582739	0.507534305	-0.390809466	0.247954666	0.419878242	1.574604516	-0.855871648	-0.123494786	0.072715115	-0.225887548	0.312165764	1.240772695	0.061076308	0.314071492	-0.384699403	-0.159283955	2.144911334	-0.03644255	0.244896029	1.349729555	0.569062984	0.555100865	-0.279469915	-0.115103691	-0.436067862	-0.048205072	0.235799109	-0.721936053	0.253786513
RB1-p	No	-0.436120009	1.312166072	1.231179915	1.363110029	1.736180767	0.11206012	-0.519335726	-4.10631382	0.866072293	1.293171347	0.933793051	-0.262030245	-0.2002966	-0.291182141	2.042415212	-3.95537393	0.612265482	0.402074656	0.630601284	-2.782141056	0.523991636	-0.244178911	0.629525268	0.632662696	2.8030963	0.882056702	2.058923667	-0.199272967	-1.795737087	2.705273379	-0.133772251	-0.178293927	1.797442157	0.594032301	1.532311892	-0.873466545	1.513602449	-0.668583088	-0.105791472	1.107542413	-1.740392322	0.77836934
RPS6	No	0.051923752	0.503457362	0.142902919	-0.038650749	-0.079537742	-0.377999893	-0.621535345	-0.566632172	0.152702863	-0.888081802	-0.400074209	0.504166245	0.308893174	0.198944077	0.619555528	0.288487081	0.556444846	0.084002606	0.06436362	0.324734608	-0.103233439	-0.428571654	-0.380744085	0.092606002	0.513640178	-0.325439379	0.442922788	0.327730938	-0.28081292	0.81862391	-0.543385898	-0.183138355	0.341641866	0.447546481	-0.550273635	0.09973501	-0.436471154	-0.127635504	-0.02171192	0.028419489	-0.787701155	0.724009447
RPS6-p234.236	Yes	-2.856242289	-2.405879891	-1.006867937	0.484659209	1.179762617	0.16125036	-0.048351701	0.562220788	0.102227382	0.152096851	0.758262106	0.946452116	0.258374466	-1.17298148	0.569413192	1.538838827	1.220105207	0.502260951	0.124924225	1.597842662	-0.967826536	-1.465323985	0.97166224	0.443955273	0.497010754	-1.455532233	1.140880514	0.930334586	-0.013833201	1.822905067	0.554848173	0.347914731	0.611843383	0.026770522	-1.428085078	-1.722481981	0.821532407	-0.781518625	0.506977315	0.706246939	-1.833280027	1.191548264
RPS6-p240.244	Yes	-4.792626326	-3.44158541	-0.958111997	0.708645625	1.197302982	0.612554034	-0.096673115	0.699207258	0.471209503	0.131338372	0.943439736	1.622426802	0.612463495	-0.973854551	0.533984565	1.551288146	1.7750205	0.390156561	0.539249317	1.358703234	-0.610084289	-2.121746156	1.096233689	0.948252993	0.677049458	-2.11858698	1.183187876	1.447812929	0.364948531	2.04145794	0.972427034	0.94809103	1.004571008	0.238909973	-1.478735197	-1.898450127	0.696083827	-1.00242368	0.3912474	0.657002314	-1.741710258	0.976954245
SRC	Yes	2.28598017	1.720668496	1.331076992	-1.117918396	1.28337841	-2.323391759	0.549643703	-0.357098163	-0.327152984	0.770134948	0.799562705	-0.841598801	2.852274357	1.395975309	0.216244434	-1.391023115	0.910226383	-1.51402421	-0.21884263	-0.493075574	0.593922625	0.186663609	-1.809471938	-0.956722103	0.728270581	-0.444535423	0.278186864	-1.958059924	-2.387465133	0.095808494	1.266589786	2.214931023	-2.901964409	0.612045068	-0.743352811	0.666644859	-0.521048882	0.051631744	0.067574304	1.732508717	-0.581582691	0.314331546
SRC-p416	Yes	0.53333569	0.58809615	0.065273071	-0.31660806	0.21502371	-1.908263905	-0.598293657	-1.17356684	-0.756058565	-0.954272454	-0.345567732	-0.391776458	1.872669724	0.126027701	2.228982653	0.262903513	-0.812486227	-1.350198554	-0.090520638	-0.634878348	1.225078916	0.311656593	-1.364456878	-0.113845386	0.386028915	0.50622438	0.665708652	-1.204889382	-1.654108065	-0.873026057	0.124043304	-0.737757184	-1.485079188	-0.335497857	1.249960327	0.053269654	-0.697356872	0.303304383	-0.899171398	2.0543359	-0.758996896	0.561542193
SRC-p527	Yes	1.989037959	1.357770957	0.470321548	-1.447837372	0.714662452	-0.991661948	-0.443730728	-1.095824938	-1.2802217	0.51900158	0.122819952	-0.226632218	2.487271001	0.591179785	0.048970651	0.48068016	0.002714829	-0.431019956	0.138570394	-0.211861978	0.858337073	0.129964096	-1.348264439	-0.352053722	0.55012652	-0.696648718	0.022755312	-1.38467367	-0.425167543	-0.037565207	1.348467571	0.761857285	-3.941935376	0.292132405	1.007332552	0.347813358	-0.36634646	-0.233702483	-0.603852345	1.418478349	-1.234382826	-0.366195479
STAT3	Yes	2.626182591	1.24543711	-0.150252918	0.972648277	-0.858690969	-0.972508389	-0.461780427	-0.130510372	-0.379994238	1.815192938	0.276172311	-0.666579604	-0.142674933	-1.137580402	0.32533658	0.057766936	-0.242035622	-0.251916763	0.153092005	1.539450155	-0.072434061	0.030502814	-0.785298108	-0.735357558	0.247453803	0.739962028	1.834056381	-1.079596487	0.479978578	-0.11906179	-1.390423783	-0.430545617	-1.361262433	0.171641645	2.138627794	0.17779887	0.162969762	-0.335983838	-0.414913364	-0.908957451	-0.81327112	-0.355750564
STAT3-p705	Yes	-0.067725817	-0.31360529	0.561325174	0.96839735	0.793895072	-0.837346308	-0.400246315	0.144487781	-0.486314572	0.697841147	0.743790392	-0.545322825	-0.329164432	0.42979186	-0.325555126	-0.47538633	0.224613843	-0.618140709	-0.274058436	0.804655681	0.175997693	1.446100403	-0.89488844	-0.679273354	-0.085260286	0.807004225	0.432572493	-1.107954355	-0.507772821	-0.845228281	-0.655669935	0.722505444	-0.825273666	0.327356516	-0.690093845	1.006553624	0.10374716	0.041821665	-0.516057962	-0.242983872	-0.420932795	-0.243002316
STAT3-p727	No	-0.143675839	-0.211128178	0.963975817	1.254771615	-0.480621207	-0.843781417	0.019218725	-0.840008952	0.309111421	-0.506468574	-0.1140475	-0.273911395	0.117708416	-0.132633027	0.05414744	0.821205556	0.878434137	0.544803806	1.121492194	0.29842407	0.139397336	0.555081237	-0.558205483	-0.155749278	0.033539254	0.40201546	0.345282336	-0.983324505	-0.483612901	0.383374828	-0.649017003	0.969832544	-0.590051724	0.693196518	-0.826848409	-0.226869291	-0.860520883	-0.062820711	0.390821816	-0.174827366	-0.283515729	-0.011210725
STAT6	No	0.469614894	0.357339961	0.274694593	1.788413578	-0.851771257	-0.553585439	-0.806784916	-2.072379814	-1.005133978	-0.062169304	-1.202347628	3.172694102	0.458787388	0.49343425	-0.912451702	-0.212376035	-0.509735525	-0.28362113	1.21016806	-0.464293616	-1.600428254	-1.52430039	-1.242637614	-0.696362928	0.154156534	0.57453633	0.667417194	-0.076636348	-0.252252164	-0.436912788	0.6266967	-0.034682115	0.739265027	1.55376489	-0.443863214	0.644100696	-0.840365418	2.037440114	-1.318639563	0.908909647	1.104748546	-1.044646598
TSC2	Yes	0.179599812	0.009998053	0.148050442	0.029873981	0.051629298	0.569005347	0.710162804	-0.576698703	0.633377597	-0.311844334	0.104904073	0.883762824	0.676171694	0.26710319	-0.313384569	0.151498858	-0.005364955	0.248071043	0.328920008	-0.128200116	0.258361621	0.22070937	-0.5017833	0.22110434	-0.452884313	-0.26462189	-0.339208082	-0.322187948	0.242495298	-0.272736951	0.128689449	0.328545222	0.117626642	0.100036644	-0.37914299	-0.612721481	-0.670854693	-0.207892767	0.052572982	-0.005129615	-0.095062579	0.288069219
TSC2-p	No	-0.311848937	-0.468574182	0.031688801	0.477013112	-0.153467094	-0.578478159	0.353433874	-0.737903069	0.187068202	0.183691468	-0.560821326	0.781005166	0.648918443	0.176876989	0.262847589	0.341119533	0.02679292	-0.045418041	0.392658666	0.282956803	-0.146247608	0.05006459	0.260536243	0.29385512	0.554891591	0.355118118	0.181774661	-1.027522669	0.152881743	0.008318109	-0.328552081	0.326172093	-0.190973891	0.429927013	0.049057626	0.259302941	-1.26897596	-0.125004644	-0.578173791	0.268700022	-0.23888563	0.344134457
KDR	Yes	1.654843232	1.06042895	0.536877244	0.175322917	0.605172256	-0.716291739	0.50186067	-0.594128388	-0.332850303	0.819387027	0.21910855	-0.862641107	-0.555004086	0.034512222	-0.095420271	-0.500789336	-0.244648595	-0.717440258	-0.140368538	-0.072215925	0.238777706	0.262874592	-0.50016534	-0.008840133	0.850042337	1.356758131	0.180456681	-0.231956053	-0.811896024	0.070751513	0.051271236	0.115150915	-0.075410039	-0.342179212	-0.965655392	0.249239254	0.267347433	-0.313025031	-0.09851289	-0.190098829	0.15119044	0.039654991
CD20	No	-1.735680803	-0.172714239	0.348332351	0.47102369	0.566940587	0.084082799	-0.365860745	-0.06867296	0.362208906	0.113180454	-0.45729758	-0.310147298	0.952908197	-1.058514151	0.113653886	-0.810556231	0.352442909	0.454356943	-0.304252402	-0.295524541	0.047485341	-0.066556628	0.275888859	0.255737936	0.60580617	1.365618809	0.889023561	-0.405217757	-0.89233381	-1.416428734	0.052955559	-0.201438189	0.148188558	0.668543757	0.03988719	-0.345697322	0.035659338	0.534436042	0.159951479	0.086577598	0.132406314	-0.386133321
CD4	No	-1.632520759	-0.29412711	0.102964705	0.30350805	-0.117677199	-0.102324797	0.347024212	-0.787843522	0.763649595	-0.406854722	-0.057140722	-0.485337516	0.826386642	-0.660818323	0.042130215	0.188273276	0.090253073	0.592155346	-0.262196618	-0.26024758	-0.25001536	0.552177927	-0.815378919	0.443035881	0.2221976	0.270454923	0.099161508	0.183956152	-0.442618467	-0.60918855	0.959494932	0.326224987	0.432677648	0.170422823	0.037892247	0.814400178	-0.34120457	0.576005294	0.323041457	0.176493431	1.006589536	0.433395632
COMT	Yes	-0.60528149	-0.658510882	-1.078507319	1.791570019	0.29499362	0.87535998	2.13587762	-1.307349824	0.121250181	-0.163500653	-1.295707114	2.840556466	-1.352257316	-0.800670934	1.035856461	1.07988691	-1.960381431	1.431791155	3.246944683	0.036518064	0.125004359	-0.596731003	-3.13891223	-0.805652518	-2.243389796	-0.732525134	-1.775160161	0.015861337	0.530617016	-0.891262678	2.491467616	-0.095556503	1.527923427	1.439260865	-1.447833713	-0.291154852	-0.521199016	1.595250083	-1.056031051	-0.312237584	2.229806609	-0.087547695
CNST	No	2.335874111	3.541336383	-1.174361717	-1.519046016	-1.575118782	-1.491345275	-1.63360503	4.66586926	-1.327730413	-1.16166398	1.135217461	-2.28297217	2.006723913	-2.22425112	2.633645314	-0.682512045	-1.135076466	-1.832577027	-0.508150761	-1.683401777	3.689879159	-1.108144771	3.485149389	-1.641392835	-1.155684841	-0.545410771	3.072172684	-1.690916591	1.635537038	2.655154417	-0.842417338	-1.815174187	1.504997654	-0.981308436	7.619739528	-1.017008471	3.522645305	-2.108421293	-2.029871846	-1.896869966	-2.056349266	-0.823322172
ESR1-p118	Yes	-0.758719717	-0.489160825	-0.144540507	0.675707964	-0.245667004	0.204015444	1.422333487	-0.519276454	0.153212404	-0.867734006	-0.870690541	0.089839114	0.94306528	-0.037133071	-0.015774362	-0.024725009	-0.154664616	0.032447595	0.290844784	-0.451863601	-0.897302404	0.667970986	-0.356873547	0.191131106	-0.121860015	-0.179522328	0.068522507	0.27836368	-0.850251534	-0.283027124	0.92489202	0.536273729	-0.159052258	0.377174998	-0.451433501	-0.583555921	-0.694815326	0.48510508	0.91124163	0.206323694	0.303699914	0.544921732
FN1	No	-1.684562992	1.394890562	0.629541659	-1.193015023	1.073877675	-2.609099239	-1.187421138	2.94849595	-2.080683976	-1.599092349	4.22552522	-1.113880496	0.650026608	-1.961353768	-1.573689512	-1.641658108	-1.282074581	-1.761794642	-1.411695947	3.929434082	1.103971369	-1.657747669	5.339278636	-1.4791845	3.945658127	4.499817462	3.161206663	-2.389822932	3.556318996	-1.899214148	-1.375772944	-1.142367914	-1.681204658	-1.097463541	0.379299415	1.768890587	2.481437041	-1.968311659	-1.839464494	1.434789346	-0.763662345	-2.151920432
GSN	No	-0.449606851	-0.523379013	0.837549336	-0.511938526	-0.547840007	0.554494562	0.937765838	-1.065672031	-0.746972291	1.389191708	1.696321706	1.179947847	1.315866121	-1.280277272	-0.892613015	0.775211216	1.037301984	0.539294905	-0.653145404	0.205018872	-0.86164713	0.912273468	-0.608316315	-0.862249151	-1.512905006	0.680700798	-0.184172509	-0.046756265	-1.182945621	-1.218137652	2.119217754	1.760732819	-1.134071119	-0.154049195	1.089404413	-0.935539798	-1.229427827	1.092562744	1.044625099	-1.163235524	-0.392605863	-0.047105101
STMN1	Yes	-0.95136488	-0.073086398	-0.307731481	-0.339566139	-0.313625749	0.393455128	-0.520885936	0.041466905	0.621996782	-0.076259231	-0.278020071	-1.077545606	0.365560684	-0.551330371	-0.062354484	0.342257004	-0.663915239	0.122945344	0.712254964	0.108984437	-0.249996131	0.528313534	-0.43339915	-0.521268018	0.551933118	0.691059784	0.084132348	-0.271093861	0.637783859	0.317538484	-0.366820761	-0.313251144	0.861644541	0.153151165	-0.146550936	0.389896024	0.115880307	-0.433740373	-0.113223104	-0.837980622	-0.554120067	0.751128003
WWTR1-p	No	-1.35982996	1.070856572	0.493104338	0.399401211	0.489233285	1.100441501	1.20618207	0.80356927	-1.109913114	-0.444400846	0.310176871	-2.317408284	-0.582973223	0.331672473	0.533624495	-1.914708533	-0.87505152	-0.904178731	-2.388716799	0.621432372	0.474593101	0.462806955	0.231938322	0.746048331	0.464282095	0.45710803	0.91285823	0.84590419	-2.918849322	-2.884113211	0.3211598	-0.278219957	0.424074784	1.201115823	-0.694568405	-0.6665441	1.018580165	0.819677911	1.176222876	0.733341197	1.047974205	0.94829741
XIAP	No	-0.058363733	0.573572119	0.210362162	0.130596129	0.81461224	0.022941878	-0.039179392	-0.267456041	0.176785823	0.144012268	-0.528880003	-0.845992025	-0.327148553	0.216861176	-0.052090391	-0.007213021	0.129494261	-0.582536642	0.270779007	-0.801910312	0.345551126	0.304896891	-1.004304194	0.779718679	0.121324231	0.267262107	0.107316338	0.782010156	0.378747421	-0.022522168	-0.664420546	0.068147667	-0.07508929	0.221292048	-0.700554748	-0.436829303	0.130967021	-0.317944191	-0.321461285	-0.10434435	-0.289412183	0.601526222
YBX1	Yes	-0.034024354	-0.870924404	0.275213476	0.02519668	0.268213261	-0.184914597	-1.180373825	0.125167186	-0.167210465	-0.62242421	0.452081371	-0.857227921	-0.244379342	0.816192279	0.694103067	0.581888576	0.914670433	0.230377996	-0.379572222	-0.152763082	0.816375971	0.244762133	-0.821616544	0.39588646	-0.555382179	0.25258755	0.313282081	0.205610257	0.199596456	0.817874591	0.233832096	-0.252141816	0.310925819	-1.074098057	-0.184350339	0.533882379	0.218846696	-0.877169392	-0.815647634	-0.110375161	-0.894086574	0.086760431
CCNE1	Yes	-0.89201704	-1.202649647	0.126444957	0.711984877	-0.420323053	-0.717729578	-0.71578134	-0.122758585	0.037335863	0.077270499	1.125809184	-1.127566034	0.136597877	3.668877941	1.919001534	0.057665176	-0.746219135	-0.954280411	0.758243547	1.258639429	-0.019559486	-0.394361175	-0.481867704	0.002456336	-0.470629905	-0.700637449	-0.313405021	-0.567038649	2.281289995	-1.446038459	-0.950827003	-0.220602164	-0.115682095	0.90316211	-0.136748294	1.352800932	-1.403116323	-1.003986491	-1.238378456	-0.418892249	-1.004341137	0.053704711
RPS6KA1-p	No	0.164772552	-0.585046116	1.158114825	1.574426395	0.844799107	-0.445392253	-0.606832397	-0.986793778	-1.251853861	-0.559275878	-0.439298013	0.13046796	-1.895361028	-0.981879331	0.749719363	-0.318342404	1.037748721	0.672667389	-0.954650183	1.175940064	-1.844297959	0.578256603	-1.106244438	0.311600536	-0.019904511	0.518557116	0.815183898	-0.254371733	0.286002586	-0.016893048	-1.043384228	1.047122815	-0.376027922	1.088496765	-0.955137092	-0.318962137	-0.874875777	0.774031518	-0.7836548	0.10524296	0.974388781	-0.942069944
AR	Yes	-1.88976021	-1.954550119	0.69692033	0.73894253	-1.688277722	2.41798648	0.285239083	-0.4103804	3.402363673	-1.820308324	-0.946255787	1.308253135	0.38504758	-1.665638134	-1.77273525	-1.052674175	0.800490854	4.441648734	0.502897929	-0.889959449	-1.419518035	-0.714141172	-0.727432021	1.179489692	-0.422333111	-0.622549098	-0.663763169	2.125655828	-0.998595336	-1.791910227	2.48540681	2.362350345	4.456470861	-0.5710106	0.514714341	-1.649857705	-1.345294831	-0.090932388	1.304282326	0.374882887	2.2796769	-0.485040675
GATA3	Yes	0.532104346	-0.86702783	0.816854297	-0.592078496	0.167283237	0.117896799	1.060731885	-1.176341497	2.231616149	-0.628325356	-1.408249891	0.35288586	1.928429684	-1.384848124	-0.634496648	0.416172806	-0.102334444	1.044580175	0.144578657	-0.482487766	-0.155970249	0.872421292	-0.825275811	1.967953191	-0.707425891	-0.368306269	-0.875264111	2.588604236	0.288152736	0.540428108	0.239518483	0.627597471	1.15842546	-0.523094393	-0.656297291	0.412218405	-0.98819913	-1.18125535	1.657944942	0.505123869	0.26221658	0.964576484
NOTCH3	Yes	-0.803202738	-0.971138641	0.623750669	-0.240388205	0.074878401	0.554539277	-0.279916387	-0.479734755	0.651871148	2.286772278	0.366482632	-2.458809697	-1.005402861	-1.18885741	0.362138987	0.576247383	-0.488249711	1.511983387	0.391662223	-0.575094076	1.067042389	3.445759668	-1.035175154	1.196863721	-2.337893948	-0.301643892	-0.644605183	1.089264625	1.062329017	-1.209470962	1.111782222	-0.064830915	0.95250909	-0.028699177	-1.039679765	-0.354076954	-0.390479874	0.598669049	-0.311135931	-0.183409229	1.483637363	-0.154986144
MAPT	No	-0.279952632	-0.183969882	0.758496849	0.617687611	0.382763822	-0.199040876	-0.474443666	-0.796336328	0.273770452	-0.534376662	-0.80583115	0.895432313	0.036877172	0.396027996	-0.003275901	0.174688388	-0.127127314	0.28248164	-0.521211951	-0.538257457	-0.111483029	0.370918442	0.119409156	0.382770436	0.455033785	0.866485096	0.364780976	0.0113831	0.164394836	-0.073798953	0.288703599	0.391315331	0.314424924	0.390953762	0.305022524	-0.162706556	-0.156756349	-0.142610684	-0.364718952	-0.086759179	-0.39816068	0.279699282
EIF4EBP1-p65.mono	No	0.000521424	-0.096224616	-0.498186689	-0.55174257	0.41293513	-0.902507476	2.047662582	1.261148789	1.571274743	-0.258177146	-0.529882574	0.047730742	-0.114932805	1.086147349	0.050174705	-0.597411624	-0.246693829	0.731843119	0.917689938	-0.591651067	0.777885122	0.02669384	-0.262469296	0.514942786	-0.382294651	-0.059881038	-0.658717473	-0.073903241	0.925565107	-0.026458697	0.151623701	-0.599540382	0.725639984	-0.120391658	-0.596426961	-0.596582443	0.649802197	-0.421551209	-0.445093129	-0.237854061	-1.409294399	-0.665566293
BCL2L11	No	-1.656759517	-0.592275254	-0.182748326	0.726011016	-0.065704593	0.632369145	-0.618763977	-0.90167455	1.834750391	1.26226918	-0.98570615	-2.030508789	1.768809673	0.906649841	-0.203414117	0.082004627	0.062102581	0.097953901	-0.338236071	0.20176225	0.321358759	1.27685367	-1.32130586	1.117636663	-0.365083406	-0.636230712	0.047860849	0.662214499	-0.368701333	-2.815842441	0.900301307	0.918757828	0.294029312	0.552729753	-0.802368223	-0.388774983	-1.747094819	0.527480391	-0.713244261	-0.178509176	-1.071217423	0.636602382
BRCA2	No	-0.066267275	0.202979768	0.290513843	1.355817207	0.294014643	0.596283849	-0.108209574	-2.151480193	0.588945458	0.579239379	0.714782089	-1.518612162	-0.38318845	-0.46893526	1.357259658	-0.308297407	0.620981053	0.130023871	-0.121677205	-2.147318931	0.753336212	0.15700804	0.217954812	0.052836391	1.020602816	0.923433937	0.750007463	-0.230734418	-0.473376619	-2.303945814	0.083868064	-0.234118773	-0.516777399	0.955336529	-0.093519792	-0.303705631	-0.339576734	0.206722395	0.736466838	0.129994986	1.126290252	-0.431032549
IGFBP2	Yes	2.312968043	2.912924012	1.473802695	-0.491912866	0.479287426	1.911018268	3.228644156	-1.616674916	1.182917503	-0.306773001	-1.235279874	0.090113213	1.671620032	0.026901419	-1.47398141	-0.987573871	-0.402759079	-1.504084942	-1.57656027	0.506842852	-1.458197788	-1.622682779	-1.69299899	1.236632294	-1.287112074	-0.72487205	-0.93194031	1.417310616	-0.63600763	-2.359025205	3.359733634	1.819651314	1.237917989	-0.711617218	-1.812185296	-2.076427352	-1.796901224	0.920415753	0.86812964	2.576345217	0.225046987	2.322204108
MGMT	No	1.93654138	0.611036098	0.607672302	0.382032993	-0.705170811	-0.082654141	-0.05307164	-0.570673139	0.804664526	1.344594207	0.307916795	-2.09384468	0.425313699	1.807002096	0.805242549	2.662674204	-2.871945103	0.415859678	-0.189759947	1.177435659	0.110794996	0.881885774	-1.626656976	1.844313118	0.282962376	-0.36264869	0.569029547	1.943783699	0.076080381	-3.48908467	-3.348009641	2.351687952	0.297190273	-0.261962966	0.048554735	0.54031614	-3.500374846	0.934084963	0.257349273	0.693692359	-1.340326364	0.442771527
CDH2	No	0.33799008	-0.751777414	-0.406011187	0.335383865	-0.432129333	-0.172815787	0.042091044	1.007372774	-0.11646921	0.198197696	1.142239679	-0.985495461	-0.380658721	-0.762159019	0.016370427	0.018952888	-0.401699925	0.052274584	-2.105784775	1.846463757	1.985197735	-0.053778298	1.488266277	-0.271081647	1.200471928	1.040115344	0.819791419	-1.125707431	-0.113489549	-0.35212564	0.209157027	-0.073386188	-0.558384241	0.595328236	-0.104675436	-1.341313401	0.75232186	-0.273100429	-0.802863967	-0.220522189	-0.221569798	0.82439106
WWTR1	No	0.386977538	0.872924848	-0.060486681	0.725984316	0.272120807	-0.035568509	-0.591337615	0.628231615	-1.281637519	0.902739103	1.023214046	-2.75035234	-0.27046179	0.239297661	0.635443649	0.303826878	1.384658882	-0.361476344	-0.250917936	0.639280481	1.157211302	0.720326866	0.912717214	-0.224827313	-0.16596314	-0.226704449	0.131105244	-0.750967114	0.418605586	-0.474609906	-0.455028868	-0.578734596	-0.109147394	0.405900261	0.817583587	-0.612311912	0.203945289	-0.182456343	0.457865729	-0.100879037	-0.563032588	-0.936237207
YAP1	No	0.903478559	2.142373069	-0.101453011	0.653964651	1.464490136	0.997851582	-0.240642521	-0.041295895	-0.49494257	0.154421646	0.697625951	-4.44571969	-0.421838961	0.170142383	1.647852813	-0.391763691	2.310423087	-1.466982457	-0.741400498	0.162888791	0.634990828	0.366000418	0.061232594	0.164618333	0.522367739	1.16995493	0.024096022	-0.371424798	-1.616511997	-0.016129458	0.350647331	-0.505450213	0.814325537	-0.074617575	-1.17309169	-0.468208299	0.815402913	0.268801751	0.793879671	-0.077284738	0.043780332	-0.953585372
FGFR1	Yes	-0.196500741	-2.109254434	-1.486277895	-1.408847062	-1.941793762	0.405144272	0.370226663	1.928416626	1.013074554	-1.704064974	1.806913615	1.122139716	0.814767321	1.435737926	-1.721868536	-1.105259854	-0.30024079	-0.762904574	0.547388235	-0.335888374	2.452752195	-1.642565934	1.905498975	-0.027369187	-0.612797685	0.113729436	-0.740433129	-0.297579456	2.404483282	1.410577506	1.649452714	1.144743826	-0.171301677	-0.621001333	1.741229373	-0.809731585	0.490012631	-0.306208114	-1.342741361	0.803967818	-1.46389193	1.324926392
ERBB2	Yes	-1.553515884	-2.499107959	0.430695398	5.010290076	-0.783831215	4.979382692	0.108714805	-2.830477566	0.265300053	-1.735211745	-1.743638829	6.834143089	-1.276745433	2.395119557	-2.089754284	-1.002577659	4.309890999	4.520185502	0.339850353	-0.726119792	-2.755055801	-1.806801805	-2.532799249	-1.4836096	-2.28226426	-1.706635575	-2.20330604	-2.269989019	-1.09453694	-2.432314482	1.670648977	-0.89793341	1.347795994	4.223756963	-2.301187651	-1.673761438	-2.298641975	6.161880113	-1.108939647	5.95503743	4.538014833	-0.083634999
ERBB2-p1248	Yes	-2.483346157	-2.611806073	-0.880966049	7.921374942	-2.063076295	6.744464337	-0.070546033	-3.145174892	-1.090394726	-2.57254102	-3.206590654	5.097479653	-2.609551152	4.005578553	-2.794619657	-2.458652803	5.837605979	6.127704355	0.219373566	-1.061218511	-3.372744384	-2.266584838	-3.560706254	-2.47470959	-2.833071397	-2.634749845	-1.376172757	-2.151731302	-2.523454453	-3.303486199	4.595265249	-1.800109621	0.718396638	6.60695929	-3.920347988	-2.696020321	-3.377269959	8.892126296	-1.158763251	7.528004552	8.380471522	-0.551155265
BAD-p542	No	0.171810344	0.077657057	-0.028210725	0.663358313	0.344965267	-0.752725903	0.668952198	0.109624809	-0.22431064	0.257280987	0.225667597	0.74249284	-0.565361046	-0.104980432	0.282683824	0.214715228	0.574298755	0.094578694	0.055552588	-0.11898992	0.313649709	0.198625667	0.566980524	0.313047688	-0.337608167	0.022589492	-0.26384437	-0.533449596	-0.007648781	-0.042840812	0.098234217	0.714005422	0.04122572	0.197037759	-0.07851484	0.239757041	-0.054130988	-0.111938323	-0.193915361	-0.488755529	0.178289238	-0.295547096
BCL11A	No	0.023766829	0.256391991	0.198430889	0.011442356	-0.303303473	-0.708071341	-0.733265378	-0.530877744	-0.186478947	-0.492257122	0.214861758	0.930439067	0.288815312	0.33652342	0.354072964	-0.258695937	0.342974494	0.547543656	0.29529867	0.817978201	-0.242131839	0.138414329	-0.270776997	-0.205671683	0.616183929	0.990745644	0.718330405	0.259784111	-0.852262198	0.63015575	-0.386875015	-0.086524591	0.469145013	-0.860765597	-0.278244937	0.925560521	-0.003120004	-0.402502242	0.228261454	-0.195277934	-0.369012933	-0.231859498
TET1	No	0.075914608	-0.084058179	0.641707238	-0.089759243	0.290967328	-0.380736589	-1.250914245	-0.302289386	0.860147654	-0.684122035	0.237680784	0.828903028	0.845670029	0.056692697	0.248617731	0.971123429	0.637648726	0.294635894	1.556476709	0.324586319	-0.508151712	0.088917188	-0.164675255	-0.229294837	-0.782497852	-0.643542928	-0.674291347	0.027441209	0.278441691	0.033059469	0.765656519	1.128858399	0.379572502	-0.791135371	-0.668707581	0.72040384	-0.403662949	-0.703240777	-0.263203043	-0.297708371	-0.736869992	0.480387203
EN1	Yes	-0.241498732	-0.60109908	-0.544556841	0.409983973	-0.608095304	-0.248610273	-0.164324352	-0.878603856	0.187721907	1.036009696	0.042914618	-0.588573734	-0.443311929	2.221229041	-0.599861893	0.086526748	-0.394397561	-0.653344764	-1.160198587	0.647345671	-0.337772758	-0.754014689	0.558686127	-0.229525313	0.281104734	-0.002780394	0.432636244	-0.070487273	0.167564709	1.179882394	-0.819552829	-0.092576805	-0.40962857	-0.153539769	-0.570941463	0.66707071	-0.491371314	-0.495758109	0.267400612	-0.044517926	-0.988937905	-0.040581765
ETV6	No	-1.069507308	-1.166255602	0.745377681	0.641004294	0.044561641	0.278806167	-0.15912826	-0.829341396	-0.694379398	0.966171249	1.09171555	0.258950204	-0.223448931	1.122547383	-0.142638523	1.459198969	-0.389804054	-0.279427157	0.324257208	0.161199588	-1.133587584	1.856471279	-0.15484244	-0.487530252	-0.310477158	-0.615548186	-0.409614141	-0.127507818	-0.357650991	-1.071710642	0.209582424	0.384692096	0.682757553	-0.340228671	-1.099972355	0.664679102	-0.326610534	-0.151035747	-0.322621986	-0.601092409	-0.425909293	-0.070840499
FANCA	No	-0.313870475	0.01926443	0.111788115	0.022782381	-0.015481235	-0.326608154	-0.612643878	-0.153903481	0.092282022	0.169566347	0.124871354	1.169773765	0.010654424	0.7980361	-0.086881184	0.380974397	0.499477079	0.451345164	0.443588982	-0.110274491	-0.638012965	0.365069066	0.269221627	0.044632681	-0.455250766	-0.153221017	-0.508663633	-0.137306941	0.387821818	-1.594906348	-2.789474794	0.751688219	0.285597436	-0.571103248	-0.465713814	0.956607927	-0.371227081	0.608620864	-0.212361446	0.15690107	0.092193858	0.079719335
FANCE	No	0.116165303	0.566159806	0.363743778	0.348370489	-0.341963406	-0.204185461	-0.798712453	-0.086987092	0.235105908	-0.382168399	0.141744708	-0.109410683	0.218149188	0.321335067	0.374500472	0.205045409	0.508559121	-0.092226282	0.114272642	0.18914538	-0.345272017	-0.282318081	0.20969288	0.07586555	0.251748863	-0.283876856	0.211228003	-0.024812271	0.089649703	-0.169875709	-0.264478071	-0.188805713	0.495454494	-0.64245326	-0.149132983	0.571097697	0.134107407	-0.794889649	-0.199029981	-0.091142655	-0.962356241	0.379866063
FGFR2	No	-0.763495718	-0.164921003	0.458249407	0.797806596	0.163972664	0.092494429	0.249767163	-0.392316773	0.390221589	-0.16547524	0.283765	0.245669279	0.102325089	0.514163201	-0.202355482	-0.154967284	0.160485683	0.402694644	0.329172695	-0.110822844	-0.099462292	0.124165406	-0.770750059	-0.109162253	0.278717355	0.170125798	0.318857028	-0.030728236	-0.20481315	-1.48593383	-0.04582092	0.266235734	0.419142409	0.070879089	-0.763246966	0.373497667	-0.495784543	0.010751032	0.515614265	-0.280455873	0.317182844	0.54648304
IGF1R-p	No	0.239210679	1.260900043	0.641013065	-0.442822202	0.976949576	-0.133223592	0.235553314	-0.436147373	-0.162322039	-0.269469248	0.00486703	-0.410241311	-0.695770016	-0.156614409	0.083227275	-1.3457127	-0.192345976	-0.494704474	-0.362418303	-0.034308057	-0.106555294	-0.01920942	-0.229029687	0.218673767	0.4167345	0.918584555	0.439935846	0.387601557	-0.443296058	-0.444690258	0.314185294	-0.101892031	0.081555556	0.242890058	-0.496370534	-0.09347761	0.269480787	0.660411193	0.051206939	-0.57016295	-0.193165329	0.208512108
KIT	No	0.04046429	-0.803635761	0.318472659	0.561739839	0.359375478	0.117787827	0.643163639	-0.464099504	-0.209064372	-0.306318832	-0.064782995	-0.446002737	-0.45045453	-0.188211072	0.23848502	-0.144640155	-0.424729541	0.290250078	0.170387158	-0.156235572	-0.503228784	0.214378644	0.146882306	-0.014864229	0.462434507	0.474027314	-0.006743346	0.004029042	0.794900436	-0.827532474	0.266493521	0.0267541	0.227543648	-0.082025442	-0.470970682	0.226039519	-0.496653994	-0.38030357	0.444178	-0.251372119	0.491771667	-0.232516953
MALT1	No	-0.092477239	0.156130915	-0.027335658	0.263076437	0.589185325	-0.221240309	-0.60119655	0.621952027	0.210551759	0.51498292	0.399176561	0.330793589	-0.480446227	-0.123912746	-0.597997946	-0.199746777	0.564714086	-0.056889547	-0.265697922	-0.496507752	2.753363648	0.202213634	0.588159278	-0.427817795	0.854124122	0.149235378	-0.11545556	-0.732558937	0.357003247	-0.799512377	0.073153652	-0.833378746	0.409400674	-0.6031587	0.169332811	1.021955684	0.145972814	-0.681122314	-0.510234832	-0.466515655	-0.494590545	0.248740301
MAML2	No	-0.461287667	-0.169139953	0.44698495	0.614428388	0.760885884	-1.355390313	-0.916829925	1.089644239	-0.799674552	0.548343286	0.627480978	-0.205299347	-0.115407415	1.318759407	-0.193369126	1.046810341	1.142970322	-0.998599452	1.407448364	0.367976458	0.12462441	1.364555888	-1.11705822	-0.507190235	0.168353981	-0.211336261	-1.301903038	-1.095484487	0.444536935	-1.212755371	-0.480046376	0.380687292	-0.405014516	-0.072935431	-0.454782035	0.565853866	0.357509697	-1.313662212	0.363225251	-1.242967006	-0.644967951	-0.869323347
MLLT10	No	0.173578894	-0.168835232	0.248116865	0.84826597	0.585473591	-0.090023273	-0.114971304	0.419761426	0.447800253	-0.316105819	0.154836022	-0.644565256	0.041531271	-0.076121406	0.281010648	-0.613431245	-0.165685144	0.196901714	-0.521044917	-0.115036376	0.14395901	0.493206267	0.075924482	0.135795772	-0.264967719	0.047424361	0.456964671	0.173195287	-0.286754314	-0.045186005	-0.287661492	-0.66847109	-0.085408043	0.191469137	0.128593595	0.195132212	0.152881115	-0.438602319	-0.448664255	-0.095306688	-1.002005735	0.424028739
MYH11	No	0.352496704	0.159446699	-0.673773973	-0.210894149	-0.161071982	-0.554039181	-0.12080386	-1.483303586	1.22879943	-1.060026303	-0.709367055	-0.079481331	0.62852842	-1.174589016	0.592261527	-0.822405123	0.378383919	1.639760773	-1.360253733	-1.018803756	-0.564908445	-0.058874182	-0.713470288	0.082902984	0.915966165	0.923364594	0.559076242	0.6608602	-1.699020116	-0.15642987	-0.344792984	-0.631172043	1.952832674	-0.294606075	-0.090667489	0.573001674	0.685259874	0.38119771	-0.377953511	1.13399557	-0.458108352	1.048709753
PML	No	-0.214858574	-0.695901099	0.087629695	-0.254918139	0.350897306	-0.407303478	-0.382595147	0.000155214	-0.348458313	0.463344715	1.289276527	-0.980135193	-0.365896426	0.936383022	-0.697703273	0.457923172	0.824833075	-0.480842288	-0.769785677	-0.344783165	1.237569296	0.495089985	-0.074181525	-0.371698733	-0.117708519	1.170624372	0.222763922	0.037587848	0.302216501	0.02445799	-0.419821738	0.817558638	-1.167566578	-0.066405471	0.083545482	1.642228033	0.621239439	0.239739814	-0.054109181	-0.081081149	-0.585911952	-0.902528749
PSAT1	No	-0.242365336	0.656494984	-1.548511516	-0.443582342	0.441088581	-0.109137846	-1.639183666	1.126651576	-1.172614743	0.502525931	1.009597328	0.952125912	-1.670641824	0.72755659	0.577894888	1.143211544	0.29833677	0.973365347	-1.26378351	-0.730735629	1.051217485	1.197390441	-0.024731118	0.047785785	-0.354462517	0.02500632	0.015708498	-0.564869739	0.186209119	-0.236754776	-0.759684542	-0.954347588	-0.831056774	-0.581401452	0.80034368	0.946457787	0.292367841	0.741213975	-0.41632469	-1.854231024	-0.693081503	-0.680490938
PTCH1	No	-0.065404665	-0.22998664	1.270173822	0.496103054	0.170785219	-0.479879786	-0.113782069	0.219654383	-0.460073613	0.36202689	0.437887801	0.027634136	-0.777209502	-0.438273436	0.477181576	-0.242090797	-0.189197536	-0.256429311	-0.858322122	1.0074024	-0.744951691	-0.117192889	0.317043844	-0.835311532	0.708662818	0.126920825	0.612379363	-0.431372679	-0.223367466	0.338351775	-0.481016436	-0.537948996	0.35565963	0.117284631	0.047626416	-0.051490183	0.105160268	-0.101140244	-0.213560096	-0.504519433	-0.087745869	0.041154361
RBM15	No	-0.673983904	-0.676640981	0.200364651	1.129521757	0.460673383	0.52605248	-0.134268675	0.543649384	1.127966636	-0.309680861	0.415957892	-0.792590719	-0.170938497	0.311349046	0.886727607	-0.853027314	-0.670693469	0.408615183	-1.192654437	-2.267233651	-0.197816139	0.8980931	-0.20025895	0.416692588	-0.469298525	0.509839755	0.574096607	0.620777436	-0.419310499	-1.388720831	0.630096598	-0.287889154	0.465824087	0.574210912	-0.259362697	0.332696572	-0.107882867	0.198628662	-0.117675649	0.327249557	0.200241514	0.017426972
ROPN1	No	0.429552114	-0.230128693	0.866385483	0.756553066	-0.379350678	0.514673719	0.015294277	0.092864359	0.196906081	0.281433726	0.732052388	-1.981731143	-0.868366431	0.895749831	-0.459978088	-0.162728333	0.297763618	-0.332462902	-0.548042011	0.243838071	-0.242812947	0.123601324	-0.856197884	-0.805970769	0.211058645	0.25076447	0.544352864	0.082747513	-1.21610656	-0.045322777	0.470970609	0.652325625	0.661255259	-0.27824874	0.089624941	0.40930822	-0.210393606	0.069995749	0.166665438	-0.060406461	0.35237934	0.600414842
YWHAB	No	0.054773584	0.551818118	0.125098501	0.665531688	0.817023304	2.071674414	0.716417357	0.089376303	-0.488640775	0.155682129	0.389406875	-1.329987199	-0.50069215	0.292264802	0.22977842	-0.427385706	-0.173486531	-0.408763514	0.151746233	0.246686108	0.223567472	0.083200655	-0.415745526	-0.3057295	0.239222435	-0.452136772	-0.066662286	-0.020767634	-1.07240021	-0.415019872	-0.04571637	-0.119092469	0.462020115	0.812681663	-0.676373991	-0.125560338	-0.636841745	0.751038984	0.284436855	-0.249030073	0.43446856	0.517404481
YWHAZ	No	0.327387193	1.618935877	-0.920038043	-0.571059363	-0.578621449	0.26354762	0.481764463	-0.239753571	0.381100246	0.953357305	-0.806592192	1.803655551	0.850126056	0.321856757	-1.097571282	0.660437024	0.414067359	0.806957213	0.811395388	1.630337405	-0.776971327	-1.023381274	1.009540517	-0.826660807	0.933319584	-1.109079806	0.024758846	-0.563467659	0.43582257	-0.303775066	-1.206227276	-1.475498167	0.251138581	0.130805415	1.072883129	-0.116305489	-1.117034778	0.574791425	-0.459717256	0.411496387	1.603766452	1.203157069
KIAA1324	Yes	-0.262739582	0.618695941	-0.951176139	1.226529236	-0.083213089	0.755807973	0.478986798	-0.226494358	-0.517118799	-0.234630606	0.419276653	-0.953462757	-0.638151449	-1.711619679	0.186535918	-1.351210323	-0.8330308	1.190077701	-1.534564066	-0.458015058	-0.221737387	0.452246382	-0.613419086	0.828966581	-0.147506369	0.266364318	0.207211456	1.196848087	-0.908140824	-1.738796409	0.642677723	0.652451697	1.061664467	0.994051713	-0.3162978	0.447557176	-0.589944865	1.182135499	1.428063712	1.111299178	0.249132638	-0.035949865
HDAC7	No	-0.883564393	0.861535861	1.075663837	0.968145177	0.590389428	0.429811323	0.657995178	0.513198839	-0.552118567	0.156169994	0.950270785	-1.733296077	-1.861771153	-1.874739023	1.647543267	-2.261073688	-0.19884944	0.608589673	-1.683582735	0.71431544	0.584500943	0.642522056	0.441372299	0.902542562	0.587205119	0.829601884	0.888658728	-0.097691041	-1.16285104	-1.925609166	-0.399945516	-0.632130617	0.188790231	0.628870979	-0.183609019	-1.708693883	1.471326807	0.80539356	0.147759198	0.653006491	0.786765888	0.417988879
TOP2A	No	-0.857695977	-0.082255112	0.397551113	1.388076284	0.465760473	0.772326005	0.538867956	0.074840669	-0.698843741	-0.038759856	0.024830511	-1.717420747	-0.379692366	-0.058079688	0.973342549	-1.114458975	-0.046936353	0.310400382	-0.917014661	0.754354278	-0.059749484	-0.017353063	-0.312105711	0.188463602	0.115360501	0.040237038	0.207141354	-0.101419919	-0.975881797	-0.696618097	0.333491834	-0.535090831	0.330052084	1.535324798	-0.276889276	-1.00801877	-0.40486417	0.083270803	0.501793979	0.93748677	0.393578518	0.198059211
EIF4EBP1-p70	No	-0.11408944	-0.283775249	-0.539791361	-1.393163935	0.392990367	-1.247574952	2.066862172	1.109106291	1.112242591	-0.704042443	-0.327254653	1.011079706	0.231991869	0.82829111	-0.471975823	-0.157153643	-0.375843765	0.330448254	1.433004393	-0.459487364	0.644222314	-0.591626046	0.065081581	0.019385222	-0.308998656	0.130292335	-0.868866504	-0.707129201	0.98558726	0.23485	-0.134786294	-0.119352248	0.704123383	-0.524338515	-0.52501075	0.035806422	0.232806255	0.128684785	-0.443853565	-0.142864297	-2.021588715	0.518289517
SGK1	No	0.017733122	-0.163853921	0.102493914	-0.006545499	-0.182331579	0.433881639	0.122989834	-0.012549436	-0.242263395	0.444629125	0.554861038	-0.983640196	0.262202074	-0.248088255	0.810134892	-0.184872219	-0.015888646	-0.487248227	0.57391887	-0.553402679	-0.178620675	-0.049122633	0.167162478	-0.395685745	0.142253796	0.142479771	-0.118622919	-0.020999304	-0.28762904	-0.3082966	1.409209969	1.205312397	-0.799935828	0.071608634	0.025087032	-0.151169577	-0.411615546	-0.922354696	1.055574581	-0.322210356	0.042800437	-0.477667932
SGK-p	No	-0.033872454	-0.432831071	0.507750007	0.597923312	0.022889691	-0.367059967	-0.528605372	0.291422456	0.233862951	-0.431984482	-0.134520602	0.262451406	-0.061464116	0.215536492	0.370347781	-0.271560778	-0.570926507	-0.155659215	0.402153827	-0.487742969	-0.542341414	0.229601012	-0.101888708	0.346295403	0.103638721	0.192171352	0.142260974	-0.002058076	-0.350117731	0.139978171	0.224589896	-0.246228076	0.399920048	0.173826181	-0.179553405	0.44822448	0.194250634	-0.09831277	-0.37707324	-0.087340604	-0.850085019	0.489311609
